100	0.001148
200	0.00219
300	0.003138
400	0.004005
500	0.004876
600	0.005743
700	0.006846
800	0.007716
900	0.008579
1000	0.009463
1100	0.010605
1200	0.0121
1300	0.013261
1400	0.01403
1500	0.014791
1600	0.01555
1700	0.016311
1800	0.017067
1900	0.017826
2000	0.018819
2100	0.019595
2200	0.020356
2300	0.021166
2400	0.02208
2500	0.023504
2600	0.024514
2700	0.025307
2800	0.026061
2900	0.026816
3000	0.027573
3100	0.028338
3200	0.029095
3300	0.029849
3400	0.030815
3500	0.031595
3600	0.032377
3700	0.033729
3800	0.035037
3900	0.036208
4000	0.037333
4100	0.038417
4200	0.039626
4300	0.040841
4400	0.042096
4500	0.043298
4600	0.044467
4700	0.045705
4800	0.046884
4900	0.04812
5000	0.049318
5100	0.050517
5200	0.051746
5300	0.052559
5400	0.053336
5500	0.054093
5600	0.055287
5700	0.056595
5800	0.057428
5900	0.058184
6000	0.058943
6100	0.059705
6200	0.060491
6300	0.061427
6400	0.062823
6500	0.064049
6600	0.065279
6700	0.066432
6800	0.067409
6900	0.068598
7000	0.069797
7100	0.071
7200	0.072224
7300	0.073485
7400	0.07469
7500	0.075889
7600	0.077139
7700	0.078349
7800	0.07936
7900	0.080494
8000	0.081724
8100	0.082912
8200	0.084121
8300	0.085322
8400	0.086521
8500	0.087731
8600	0.08897
8700	0.090089
8800	0.091282
8900	0.092377
9000	0.093491
9100	0.094695
9200	0.096162
9300	0.097576
9400	0.099022
9500	0.100041
9600	0.100809
9700	0.101573
9800	0.10234
9900	0.103102
10000	0.103861
10100	0.10463
10200	0.105402
10300	0.106583
10400	0.107776
10500	0.108998
10600	0.11025
10700	0.111339
10800	0.112573
10900	0.113827
11000	0.115047
11100	0.116255
11200	0.117483
11300	0.118747
11400	0.119983
11500	0.121201
11600	0.122385
11700	0.123424
11800	0.124578
11900	0.125806
12000	0.127066
12100	0.12826
12200	0.129484
12300	0.130722
12400	0.131952
12500	0.133115
12600	0.134323
12700	0.135601
12800	0.136833
12900	0.137959
13000	0.13878
13100	0.139557
13200	0.140321
13300	0.141083
13400	0.141858
13500	0.142621
13600	0.143572
13700	0.144347
13800	0.145118
13900	0.145888
14000	0.146666
14100	0.147922
14200	0.149134
14300	0.15028
14400	0.151528
14500	0.152768
14600	0.153948
14700	0.155211
14800	0.156483
14900	0.157561
15000	0.158734
15100	0.159972
15200	0.161167
15300	0.162422
15400	0.16367
15500	0.164898
15600	0.166067
15700	0.16731
15800	0.168567
15900	0.169825
16000	0.171089
16100	0.172348
16200	0.173563
16300	0.174817
16400	0.17605
16500	0.1773
16600	0.178509
16700	0.179712
16800	0.180968
16900	0.182151
17000	0.183554
17100	0.184916
17200	0.185691
17300	0.186462
17400	0.187621
17500	0.188947
17600	0.190192
17700	0.190964
17800	0.192101
17900	0.193342
18000	0.194559
18100	0.195746
18200	0.196994
18300	0.198222
18400	0.199474
18500	0.200698
18600	0.201953
18700	0.203158
18800	0.204367
18900	0.205621
19000	0.206883
19100	0.207926
19200	0.209059
19300	0.210248
19400	0.211482
19500	0.212724
19600	0.213939
19700	0.215194
19800	0.216414
19900	0.21765
20000	0.218877
20100	0.220087
20200	0.221238
20300	0.222441
20400	0.223594
20500	0.22485
20600	0.226353
20700	0.227866
20800	0.229385
20900	0.230799
21000	0.231593
21100	0.232364
21200	0.233133
21300	0.233899
21400	0.234806
21500	0.236095
21600	0.237261
21700	0.238515
21800	0.23973
21900	0.240911
22000	0.242142
22100	0.243355
22200	0.244568
22300	0.245823
22400	0.247034
22500	0.248239
22600	0.249471
22700	0.250678
22800	0.251889
22900	0.253121
23000	0.254374
23100	0.255639
23200	0.256888
23300	0.258127
23400	0.259372
23500	0.260627
23600	0.261838
23700	0.263052
23800	0.264259
23900	0.265419
24000	0.266659
24100	0.267978
24200	0.269481
24300	0.270991
24400	0.272502
24500	0.273849
24600	0.274654
24700	0.27542
24800	0.276573
24900	0.277706
25000	0.278476
25100	0.279737
25200	0.281019
25300	0.282784
25400	0.283757
25500	0.284979
25600	0.286227
25700	0.287222
25800	0.288459
25900	0.289736
26000	0.291014
26100	0.292213
26200	0.293294
26300	0.294071
26400	0.295213
26500	0.296445
26600	0.297607
26700	0.298815
26800	0.300007
26900	0.301202
27000	0.302441
27100	0.303635
27200	0.304877
27300	0.306127
27400	0.307241
27500	0.308472
27600	0.309698
27700	0.310931
27800	0.312385
27900	0.31389
28000	0.315363
28100	0.316602
28200	0.317444
28300	0.318217
28400	0.319068
28500	0.319834
28600	0.320619
28700	0.321634
28800	0.322939
28900	0.324143
29000	0.325359
29100	0.326574
29200	0.327835
29300	0.329042
29400	0.330273
29500	0.331461
29600	0.332539
29700	0.333807
29800	0.335038
29900	0.336269
30000	0.337529
30100	0.338758
30200	0.339924
30300	0.341171
30400	0.342403
30500	0.34366
30600	0.344877
30700	0.346076
30800	0.347313
30900	0.348548
31000	0.349776
31100	0.351019
31200	0.352259
31300	0.353461
31400	0.354654
31500	0.355467
31600	0.356241
31700	0.357006
31800	0.357784
31900	0.358547
32000	0.359309
32100	0.360074
32200	0.361044
32300	0.361813
32400	0.362577
32500	0.363384
32600	0.364168
32700	0.364937
32800	0.366279
32900	0.367477
33000	0.368695
33100	0.369904
33200	0.371111
33300	0.372342
33400	0.373614
33500	0.374804
33600	0.375972
33700	0.377167
33800	0.378411
33900	0.379644
34000	0.380883
34100	0.382053
34200	0.383258
34300	0.384401
34400	0.385664
34500	0.386881
34600	0.388125
34700	0.38934
34800	0.390588
34900	0.391815
35000	0.393078
35100	0.394286
35200	0.395442
35300	0.39666
35400	0.397872
35500	0.399085
35600	0.399876
35700	0.400648
35800	0.401418
35900	0.402204
36000	0.402972
36100	0.40374
36200	0.40472
36300	0.405494
36400	0.406284
36500	0.407343
36600	0.408695
36700	0.409922
36800	0.411165
36900	0.412295
37000	0.413532
37100	0.414772
37200	0.416036
37300	0.417268
37400	0.418513
37500	0.419743
37600	0.420983
37700	0.422223
37800	0.423498
37900	0.424716
38000	0.425876
38100	0.427096
38200	0.428305
38300	0.429473
38400	0.430697
38500	0.431931
38600	0.433205
38700	0.434397
38800	0.435624
38900	0.436867
39000	0.438093
39100	0.43928
39200	0.440485
39300	0.441339
39400	0.442123
39500	0.44289
39600	0.443653
39700	0.444417
39800	0.445182
39900	0.445941
40000	0.44693
40100	0.447703
40200	0.448472
40300	0.44927
40400	0.450044
40500	0.450842
40600	0.451838
40700	0.453215
40800	0.454294
40900	0.455514
41000	0.456784
41100	0.458006
41200	0.45924
41300	0.460526
41400	0.461696
41500	0.462949
41600	0.464229
41700	0.465475
41800	0.466714
41900	0.467979
42000	0.469235
42100	0.470388
42200	0.471648
42300	0.472857
42400	0.474077
42500	0.475291
42600	0.476552
42700	0.477754
42800	0.478964
42900	0.480225
43000	0.48146
43100	0.482719
43200	0.483962
43300	0.485232
43400	0.486056
43500	0.48682
43600	0.487582
43700	0.488345
43800	0.489108
43900	0.48987
44000	0.490759
44100	0.491642
44200	0.492444
44300	0.493285
44400	0.494638
44500	0.495887
44600	0.497131
44700	0.498341
44800	0.499555
44900	0.500766
45000	0.502001
45100	0.503221
45200	0.504337
45300	0.505533
45400	0.506741
45500	0.507945
45600	0.509176
45700	0.510278
45800	0.511496
45900	0.51273
46000	0.51394
46100	0.515095
46200	0.516219
46300	0.517428
46400	0.518643
46500	0.519781
46600	0.521009
46700	0.522231
46800	0.523437
46900	0.524684
47000	0.5259
47100	0.527071
47200	0.528319
47300	0.52983
47400	0.531313
47500	0.532528
47600	0.533303
47700	0.534073
47800	0.534845
47900	0.535616
48000	0.536388
48100	0.537158
48200	0.537937
48300	0.539062
48400	0.540196
48500	0.541431
48600	0.542663
48700	0.543802
48800	0.545067
48900	0.546327
49000	0.547544
49100	0.548778
49200	0.550021
49300	0.551134
49400	0.552396
49500	0.553513
49600	0.554774
49700	0.556013
49800	0.557202
49900	0.558309
50000	0.559534
50100	0.560795
50200	0.562052
50300	0.563274
50400	0.564485
50500	0.565707
50600	0.566909
50700	0.568165
50800	0.569373
50900	0.570567
51000	0.571414
51100	0.572191
51200	0.572952
51300	0.573723
51400	0.574481
51500	0.575272
51600	0.57603
51700	0.57699
51800	0.577757
51900	0.578521
52000	0.579308
52100	0.58007
52200	0.581348
52300	0.582526
52400	0.5837
52500	0.584898
52600	0.586121
52700	0.587368
52800	0.588611
52900	0.589856
53000	0.591116
53100	0.592288
53200	0.593541
53300	0.594811
53400	0.596018
53500	0.597274
53600	0.598483
53700	0.599686
53800	0.600918
53900	0.602074
54000	0.603301
54100	0.604559
54200	0.605818
54300	0.607055
54400	0.60828
54500	0.609534
54600	0.610752
54700	0.612004
54800	0.613164
54900	0.614364
55000	0.615147
55100	0.615917
55200	0.61668
55300	0.617453
55400	0.618217
55500	0.618979
55600	0.619949
55700	0.620719
55800	0.621551
55900	0.622808
56000	0.624085
56100	0.625252
56200	0.626405
56300	0.627642
56400	0.628872
56500	0.630124
56600	0.63135
56700	0.632585
56800	0.633775
56900	0.635008
57000	0.63629
57100	0.637548
57200	0.638707
57300	0.639921
57400	0.641163
57500	0.642324
57600	0.643534
57700	0.644704
57800	0.645871
57900	0.647054
58000	0.648299
58100	0.649503
58200	0.650701
58300	0.651932
58400	0.653156
58500	0.654375
58600	0.655615
58700	0.657119
58800	0.658633
58900	0.660145
59000	0.661651
59100	0.662513
59200	0.663298
59300	0.664315
59400	0.665167
59500	0.666278
59600	0.667522
59700	0.668609
59800	0.669866
59900	0.671082
60000	0.672229
60100	0.673253
60200	0.674463
60300	0.675717
60400	0.676918
60500	0.678096
60600	0.67921
60700	0.680405
60800	0.681654
60900	0.68287
61000	0.684129
61100	0.685401
61200	0.686661
61300	0.687877
61400	0.689138
61500	0.690392
61600	0.691567
61700	0.692736
61800	0.694018
61900	0.695242
62000	0.696463
62100	0.697627
62200	0.698793
62300	0.699926
62400	0.701427
62500	0.70295
62600	0.704458
62700	0.70552
62800	0.7063
62900	0.707067
63000	0.707836
63100	0.708969
63200	0.710146
63300	0.711375
63400	0.712502
63500	0.713769
63600	0.715036
63700	0.716274
63800	0.717534
63900	0.718666
64000	0.719869
64100	0.72097
64200	0.722141
64300	0.723368
64400	0.724605
64500	0.725829
64600	0.727083
64700	0.728293
64800	0.729397
64900	0.730619
65000	0.731712
65100	0.732919
65200	0.73411
65300	0.735287
65400	0.736428
65500	0.737614
65600	0.738849
65700	0.740077
65800	0.741231
65900	0.742466
66000	0.74341
66100	0.744179
66200	0.744945
66300	0.745711
66400	0.746475
66500	0.747242
66600	0.748082
66700	0.748993
66800	0.749766
66900	0.750562
67000	0.751333
67100	0.752107
67200	0.752902
67300	0.753673
67400	0.754792
67500	0.756042
67600	0.757272
67700	0.758454
67800	0.759626
67900	0.760842
68000	0.762092
68100	0.763207
68200	0.764432
68300	0.765679
68400	0.766816
68500	0.768043
68600	0.769286
68700	0.770541
68800	0.771767
68900	0.772985
69000	0.774157
69100	0.775393
69200	0.776622
69300	0.777864
69400	0.779117
69500	0.780333
69600	0.781537
69700	0.782769
69800	0.783941
69900	0.785174
70000	0.786389
70100	0.787675
70200	0.789182
70300	0.790697
70400	0.792214
70500	0.793661
70600	0.794456
70700	0.795235
70800	0.796283
70900	0.797352
71000	0.798571
71100	0.799796
71200	0.801041
71300	0.802284
71400	0.803563
71500	0.804806
71600	0.806068
71700	0.807223
71800	0.808364
71900	0.809569
72000	0.8108
72100	0.811961
72200	0.813208
72300	0.814462
72400	0.815683
72500	0.816922
72600	0.818022
72700	0.819252
72800	0.820461
72900	0.821642
73000	0.822858
73100	0.82406
73200	0.825274
73300	0.826534
73400	0.827741
73500	0.829022
73600	0.829842
73700	0.830604
73800	0.831374
73900	0.832132
74000	0.832887
74100	0.833641
74200	0.834484
74300	0.835366
74400	0.836131
74500	0.836917
74600	0.837686
74700	0.838453
74800	0.839255
74900	0.840023
75000	0.841168
75100	0.842386
75200	0.843502
75300	0.844722
75400	0.845976
75500	0.847186
75600	0.848452
75700	0.849674
75800	0.8509
75900	0.852116
76000	0.853323
76100	0.854536
76200	0.855685
76300	0.856851
76400	0.858053
76500	0.859205
76600	0.860425
76700	0.86164
76800	0.862898
76900	0.864137
77000	0.865372
77100	0.866593
77200	0.867844
77300	0.869007
77400	0.870227
77500	0.871471
77600	0.872631
77700	0.873838
77800	0.874656
77900	0.875441
78000	0.876202
78100	0.876962
78200	0.877722
78300	0.878479
78400	0.879237
78500	0.880159
78600	0.880953
78700	0.881738
78800	0.882553
78900	0.883336
79000	0.884569
79100	0.885783
79200	0.887029
79300	0.888247
79400	0.889342
79500	0.890517
79600	0.891779
79700	0.892866
79800	0.894091
79900	0.895311
80000	0.896569
80100	0.897801
80200	0.899032
80300	0.90012
80400	0.901358
80500	0.902556
80600	0.903608
80700	0.904862
80800	0.906088
80900	0.90729
81000	0.908515
81100	0.909782
81200	0.91104
81300	0.912247
81400	0.913469
81500	0.914702
81600	0.915903
81700	0.916726
81800	0.917506
81900	0.918275
82000	0.919055
82100	0.920011
82200	0.921248
82300	0.922092
82400	0.922859
82500	0.923643
82600	0.924425
82700	0.925661
82800	0.926952
82900	0.928172
83000	0.929415
83100	0.930518
83200	0.931724
83300	0.933062
83400	0.934272
83500	0.935424
83600	0.936633
83700	0.937875
83800	0.939137
83900	0.940393
84000	0.941629
84100	0.942849
84200	0.944084
84300	0.945339
84400	0.946588
84500	0.947805
84600	0.949058
84700	0.950279
84800	0.95152
84900	0.952753
85000	0.953969
85100	0.955201
85200	0.956443
85300	0.957672
85400	0.958742
85500	0.960243
85600	0.961647
85700	0.963002
85800	0.963839
85900	0.964616
86000	0.96542
86100	0.966204
86200	0.966975
86300	0.96776
86400	0.968529
86500	0.969653
86600	0.970908
86700	0.972128
86800	0.973388
86900	0.974607
87000	0.975833
87100	0.977077
87200	0.978292
87300	0.979473
87400	0.980698
87500	0.981899
87600	0.983155
87700	0.984362
87800	0.98558
87900	0.986744
88000	0.987901
88100	0.989176
88200	0.990374
88300	0.991654
88400	0.992884
88500	0.994069
88600	0.995286
88700	0.996491
88800	0.997693
88900	0.998901
89000	1.0001
89100	1.00134
89200	1.00259
89300	1.00349
89400	1.00425
89500	1.00502
89600	1.00578
89700	1.00655
89800	1.00731
89900	1.0081
90000	1.00904
90100	1.00981
90200	1.01062
90300	1.0114
90400	1.01219
90500	1.01356
90600	1.01477
90700	1.01601
90800	1.01719
90900	1.01823
91000	1.01946
91100	1.02071
91200	1.02192
91300	1.02309
91400	1.02432
91500	1.02554
91600	1.0267
91700	1.02792
91800	1.02918
91900	1.03036
92000	1.03156
92100	1.03269
92200	1.03394
92300	1.0352
92400	1.03645
92500	1.03769
92600	1.03892
92700	1.04011
92800	1.04137
92900	1.04259
93000	1.04381
93100	1.04505
93200	1.04616
93300	1.04767
93400	1.04907
93500	1.05055
93600	1.05137
93700	1.05214
93800	1.05291
93900	1.05368
94000	1.05445
94100	1.05522
94200	1.05636
94300	1.05758
94400	1.05872
94500	1.05995
94600	1.06119
94700	1.0624
94800	1.06361
94900	1.06483
95000	1.06611
95100	1.06736
95200	1.06858
95300	1.06984
95400	1.07106
95500	1.07221
95600	1.07344
95700	1.07465
95800	1.07588
95900	1.07708
96000	1.07829
96100	1.07953
96200	1.08073
96300	1.08196
96400	1.08315
96500	1.08423
96600	1.08544
96700	1.08668
96800	1.0879
96900	1.0894
97000	1.09091
97100	1.09242
97200	1.09393
97300	1.09488
97400	1.09566
97500	1.09668
97600	1.09795
97700	1.09872
97800	1.09983
97900	1.10113
98000	1.10236
98100	1.10357
98200	1.1048
98300	1.10597
98400	1.10723
98500	1.10844
98600	1.10966
98700	1.11084
98800	1.11204
98900	1.11328
99000	1.11451
99100	1.11576
99200	1.11698
99300	1.11817
99400	1.11942
99500	1.12065
99600	1.12187
99700	1.12313
99800	1.12435
99900	1.12553
100000	1.12674
100100	1.12796
100200	1.12923
100300	1.1305
100400	1.13176
100500	1.13305
100600	1.13386
100700	1.13464
100800	1.13541
100900	1.13618
101000	1.13694
101100	1.13771
101200	1.13869
101300	1.13946
101400	1.14024
101500	1.14105
101600	1.14183
101700	1.14262
101800	1.14362
101900	1.14489
102000	1.14608
102100	1.14752
102200	1.14873
102300	1.15
102400	1.15107
102500	1.15242
102600	1.15331
102700	1.15446
102800	1.15561
102900	1.15685
103000	1.15804
103100	1.15926
103200	1.16048
103300	1.16174
103400	1.16296
103500	1.16424
103600	1.1655
103700	1.16676
103800	1.16805
103900	1.16938
104000	1.17049
104100	1.17128
104200	1.17206
104300	1.17304
104400	1.17417
104500	1.17549
104600	1.17629
104700	1.17707
104800	1.17786
104900	1.17864
105000	1.17942
105100	1.1802
105200	1.18119
105300	1.18198
105400	1.18279
105500	1.18364
105600	1.18442
105700	1.18557
105800	1.1868
105900	1.18807
106000	1.18934
106100	1.19061
106200	1.19179
106300	1.19306
106400	1.19431
106500	1.19558
106600	1.19684
106700	1.19806
106800	1.19929
106900	1.2005
107000	1.20172
107100	1.20298
107200	1.20421
107300	1.20549
107400	1.20671
107500	1.20798
107600	1.20924
107700	1.21046
107800	1.21168
107900	1.21281
108000	1.21404
108100	1.2153
108200	1.21653
108300	1.21802
108400	1.21955
108500	1.22107
108600	1.22262
108700	1.22355
108800	1.22433
108900	1.22525
109000	1.22621
109100	1.22739
109200	1.22867
109300	1.2299
109400	1.23116
109500	1.23238
109600	1.23366
109700	1.23492
109800	1.23614
109900	1.23736
110000	1.23861
110100	1.23983
110200	1.24105
110300	1.24221
110400	1.24342
110500	1.24465
110600	1.24592
110700	1.24715
110800	1.2484
110900	1.24964
111000	1.25088
111100	1.25202
111200	1.25329
111300	1.25456
111400	1.25582
111500	1.257
111600	1.25828
111700	1.25955
111800	1.261
111900	1.26179
112000	1.26256
112100	1.26333
112200	1.2641
112300	1.26487
112400	1.26564
112500	1.26662
112600	1.26741
112700	1.26819
112800	1.26896
112900	1.26976
113000	1.27053
113100	1.2718
113200	1.27296
113300	1.27419
113400	1.27537
113500	1.27659
113600	1.27785
113700	1.27908
113800	1.2803
113900	1.28147
114000	1.28269
114100	1.28396
114200	1.28524
114300	1.28646
114400	1.28774
114500	1.28898
114600	1.29022
114700	1.29149
114800	1.29274
114900	1.29399
115000	1.29526
115100	1.29654
115200	1.29768
115300	1.29894
115400	1.30021
115500	1.30145
115600	1.30264
115700	1.30386
115800	1.30539
115900	1.30692
116000	1.30845
116100	1.30998
116200	1.31097
116300	1.31177
116400	1.31261
116500	1.31384
116600	1.31498
116700	1.31621
116800	1.31749
116900	1.31874
117000	1.31998
117100	1.32118
117200	1.3224
117300	1.32369
117400	1.32498
117500	1.32622
117600	1.32746
117700	1.32869
117800	1.32997
117900	1.3312
118000	1.33245
118100	1.33373
118200	1.33499
118300	1.33604
118400	1.33717
118500	1.33841
118600	1.33965
118700	1.34092
118800	1.34218
118900	1.34344
119000	1.34464
119100	1.34586
119200	1.34691
119300	1.34769
119400	1.34847
119500	1.34925
119600	1.35002
119700	1.3508
119800	1.35157
119900	1.35256
120000	1.35334
120100	1.35411
120200	1.35491
120300	1.35568
120400	1.35661
120500	1.3574
120600	1.35867
120700	1.35993
120800	1.36119
120900	1.36241
121000	1.36365
121100	1.3649
121200	1.36622
121300	1.36745
121400	1.36875
121500	1.37
121600	1.37125
121700	1.37253
121800	1.37381
121900	1.37507
122000	1.37628
122100	1.37746
122200	1.3787
122300	1.37984
122400	1.38109
122500	1.38231
122600	1.38355
122700	1.38479
122800	1.38601
122900	1.3873
123000	1.38855
123100	1.38979
123200	1.39097
123300	1.39241
123400	1.39383
123500	1.39524
123600	1.39615
123700	1.39693
123800	1.39771
123900	1.39851
124000	1.39966
124100	1.40092
124200	1.40217
124300	1.40339
124400	1.40463
124500	1.40585
124600	1.407
124700	1.40821
124800	1.40946
124900	1.41063
125000	1.41182
125100	1.41307
125200	1.41434
125300	1.4155
125400	1.41669
125500	1.41796
125600	1.41924
125700	1.42051
125800	1.42177
125900	1.42298
126000	1.42425
126100	1.42551
126200	1.4267
126300	1.4279
126400	1.42917
126500	1.43044
126600	1.43167
126700	1.43295
126800	1.43374
126900	1.43451
127000	1.43529
127100	1.43607
127200	1.43684
127300	1.43761
127400	1.43857
127500	1.43938
127600	1.44015
127700	1.44095
127800	1.44172
127900	1.4425
128000	1.44378
128100	1.44498
128200	1.44616
128300	1.44738
128400	1.44861
128500	1.44988
128600	1.4511
128700	1.45235
128800	1.45362
128900	1.45488
129000	1.45613
129100	1.45744
129200	1.4587
129300	1.45992
129400	1.46116
129500	1.46231
129600	1.46354
129700	1.46481
129800	1.46605
129900	1.46731
130000	1.46857
130100	1.46985
130200	1.47112
130300	1.47239
130400	1.47361
130500	1.47488
130600	1.47612
130700	1.47696
130800	1.47775
130900	1.47852
131000	1.47928
131100	1.48007
131200	1.48083
131300	1.4816
131400	1.48258
131500	1.48335
131600	1.48412
131700	1.48496
131800	1.48576
131900	1.48706
132000	1.48827
132100	1.48952
132200	1.49076
132300	1.49199
132400	1.49321
132500	1.49447
132600	1.49556
132700	1.49666
132800	1.49792
132900	1.49916
133000	1.50036
133100	1.50158
133200	1.50276
133300	1.50403
133400	1.50527
133500	1.50651
133600	1.5078
133700	1.50905
133800	1.51031
133900	1.51158
134000	1.51284
134100	1.51411
134200	1.51534
134300	1.51658
134400	1.51783
134500	1.51909
134600	1.52001
134700	1.5208
134800	1.52157
134900	1.52233
135000	1.52311
135100	1.52387
135200	1.52465
135300	1.52563
135400	1.52646
135500	1.52726
135600	1.52805
135700	1.52889
135800	1.5301
135900	1.53125
136000	1.53265
136100	1.53381
136200	1.53507
136300	1.53633
136400	1.53757
136500	1.53869
136600	1.53994
136700	1.54116
136800	1.54244
136900	1.54362
137000	1.54488
137100	1.5461
137200	1.54736
137300	1.54848
137400	1.54975
137500	1.55097
137600	1.55224
137700	1.55352
137800	1.55458
137900	1.55582
138000	1.55706
138100	1.55829
138200	1.55955
138300	1.56082
138400	1.56204
138500	1.56325
138600	1.56468
138700	1.5661
138800	1.56688
138900	1.56766
139000	1.56851
139100	1.5693
139200	1.57008
139300	1.57131
139400	1.57258
139500	1.57382
139600	1.5751
139700	1.57636
139800	1.57749
139900	1.57868
140000	1.57991
140100	1.58115
140200	1.58237
140300	1.58362
140400	1.58487
140500	1.58601
140600	1.58725
140700	1.58847
140800	1.58971
140900	1.59098
141000	1.5922
141100	1.59345
141200	1.59474
141300	1.59594
141400	1.59716
141500	1.59839
141600	1.59959
141700	1.60083
141800	1.60208
141900	1.60327
142000	1.60475
142100	1.60629
142200	1.60744
142300	1.60822
142400	1.609
142500	1.60993
142600	1.61077
142700	1.61155
142800	1.61233
142900	1.61311
143000	1.61389
143100	1.61492
143200	1.61618
143300	1.61734
143400	1.61862
143500	1.61984
143600	1.62104
143700	1.62231
143800	1.62355
143900	1.62479
144000	1.62602
144100	1.62727
144200	1.62843
144300	1.62943
144400	1.63061
144500	1.63181
144600	1.63308
144700	1.63433
144800	1.63557
144900	1.63678
145000	1.63805
145100	1.63927
145200	1.64051
145300	1.64174
145400	1.64289
145500	1.64413
145600	1.64536
145700	1.64661
145800	1.64782
145900	1.6489
146000	1.6497
146100	1.65047
146200	1.65125
146300	1.65202
146400	1.6528
146500	1.65359
146600	1.65457
146700	1.65534
146800	1.65614
146900	1.65693
147000	1.65773
147100	1.65896
147200	1.66016
147300	1.66141
147400	1.66267
147500	1.66377
147600	1.66502
147700	1.66625
147800	1.66752
147900	1.66874
148000	1.67
148100	1.67123
148200	1.67246
148300	1.67369
148400	1.67493
148500	1.67617
148600	1.67743
148700	1.67868
148800	1.6799
148900	1.68112
149000	1.68238
149100	1.68364
149200	1.68491
149300	1.68609
149400	1.68733
149500	1.68858
149600	1.68986
149700	1.69115
149800	1.69268
149900	1.6942
150000	1.69573
150100	1.6971
150200	1.69792
150300	1.69871
150400	1.69961
150500	1.70042
150600	1.70156
150700	1.70289
150800	1.70408
150900	1.70529
151000	1.70654
151100	1.7078
151200	1.70902
151300	1.71025
151400	1.71144
151500	1.71266
151600	1.71393
151700	1.71521
151800	1.71638
151900	1.71756
152000	1.71879
152100	1.72005
152200	1.72132
152300	1.7226
152400	1.72386
152500	1.72504
152600	1.72627
152700	1.72744
152800	1.72869
152900	1.72994
153000	1.73108
153100	1.73232
153200	1.73356
153300	1.73482
153400	1.73561
153500	1.73639
153600	1.73717
153700	1.73795
153800	1.73872
153900	1.7395
154000	1.74048
154100	1.74126
154200	1.74204
154300	1.74286
154400	1.74374
154500	1.74515
154600	1.74632
154700	1.74757
154800	1.7488
154900	1.74996
155000	1.75119
155100	1.75236
155200	1.75344
155300	1.75467
155400	1.75592
155500	1.75716
155600	1.75842
155700	1.7597
155800	1.76096
155900	1.76222
156000	1.7634
156100	1.76462
156200	1.76585
156300	1.76713
156400	1.76837
156500	1.76963
156600	1.77086
156700	1.77213
156800	1.77335
156900	1.77458
157000	1.77583
157100	1.77703
157200	1.77855
157300	1.78007
157400	1.7816
157500	1.78312
157600	1.78409
157700	1.78488
157800	1.78566
157900	1.78647
158000	1.78752
158100	1.78879
158200	1.79
158300	1.79126
158400	1.79253
158500	1.79377
158600	1.79499
158700	1.79612
158800	1.79739
158900	1.79856
159000	1.79983
159100	1.80109
159200	1.80235
159300	1.80358
159400	1.80485
159500	1.80607
159600	1.80735
159700	1.80857
159800	1.80978
159900	1.81098
160000	1.81221
160100	1.81343
160200	1.81466
160300	1.81596
160400	1.81723
160500	1.81845
160600	1.81967
160700	1.82074
160800	1.82156
160900	1.82234
161000	1.82312
161100	1.82389
161200	1.82466
161300	1.82544
161400	1.82628
161500	1.8272
161600	1.82798
161700	1.82876
161800	1.82954
161900	1.83067
162000	1.83184
162100	1.83303
162200	1.83425
162300	1.8355
162400	1.83675
162500	1.83797
162600	1.83938
162700	1.8408
162800	1.84217
162900	1.84341
163000	1.84464
163100	1.84585
163200	1.84702
163300	1.84827
163400	1.84952
163500	1.85069
163600	1.85192
163700	1.85299
163800	1.85426
163900	1.85552
164000	1.85676
164100	1.85802
164200	1.85927
164300	1.86054
164400	1.86179
164500	1.86304
164600	1.86424
164700	1.86503
164800	1.86581
164900	1.86659
165000	1.86736
165100	1.86813
165200	1.86941
165300	1.87019
165400	1.87097
165500	1.87178
165600	1.87257
165700	1.87335
165800	1.87435
165900	1.87556
166000	1.87673
166100	1.87799
166200	1.87924
166300	1.88037
166400	1.8816
166500	1.8829
166600	1.88411
166700	1.88532
166800	1.88659
166900	1.88783
167000	1.88908
167100	1.89037
167200	1.89159
167300	1.89282
167400	1.89405
167500	1.89532
167600	1.89647
167700	1.89768
167800	1.89892
167900	1.90014
168000	1.90141
168100	1.90268
168200	1.90394
168300	1.90522
168400	1.90643
168500	1.90724
168600	1.90802
168700	1.90879
168800	1.90959
168900	1.91036
169000	1.91114
169100	1.91191
169200	1.91284
169300	1.91361
169400	1.91439
169500	1.91522
169600	1.916
169700	1.91712
169800	1.91833
169900	1.91956
170000	1.9208
170100	1.92201
170200	1.92328
170300	1.92451
170400	1.92579
170500	1.92704
170600	1.92827
170700	1.92949
170800	1.93058
170900	1.93185
171000	1.9331
171100	1.93435
171200	1.9355
171300	1.93673
171400	1.93799
171500	1.93926
171600	1.94045
171700	1.94173
171800	1.9429
171900	1.94417
172000	1.94535
172100	1.94662
172200	1.94788
172300	1.94912
172400	1.95063
172500	1.95217
172600	1.9537
172700	1.95524
172800	1.95615
172900	1.95694
173000	1.95787
173100	1.95919
173200	1.96036
173300	1.96151
173400	1.96265
173500	1.96388
173600	1.96515
173700	1.96637
173800	1.96759
173900	1.96881
174000	1.97003
174100	1.97129
174200	1.97257
174300	1.97383
174400	1.97507
174500	1.97632
174600	1.97749
174700	1.97877
174800	1.98004
174900	1.98126
175000	1.98255
175100	1.98378
175200	1.98494
175300	1.98617
175400	1.98741
175500	1.98868
175600	1.9899
175700	1.99116
175800	1.99215
175900	1.99296
176000	1.99373
176100	1.9945
176200	1.99529
176300	1.99607
176400	1.99684
176500	1.99781
176600	1.99859
176700	1.99937
176800	2.00018
176900	2.00097
177000	2.00177
177100	2.00278
177200	2.00411
177300	2.00525
177400	2.00651
177500	2.00773
177600	2.00923
177700	2.0104
177800	2.01159
177900	2.01288
178000	2.01425
178100	2.01564
178200	2.01691
178300	2.01793
178400	2.01895
178500	2.0202
178600	2.02144
178700	2.0227
178800	2.02392
178900	2.02508
179000	2.02632
179100	2.02743
179200	2.0285
179300	2.02962
179400	2.03041
179500	2.03119
179600	2.03217
179700	2.03339
179800	2.03477
179900	2.03556
180000	2.03633
180100	2.0371
180200	2.03787
180300	2.03865
180400	2.03942
180500	2.04034
180600	2.04117
180700	2.04196
180800	2.04291
180900	2.04429
181000	2.04546
181100	2.04668
181200	2.04786
181300	2.04905
181400	2.05029
181500	2.05155
181600	2.05277
181700	2.054
181800	2.05524
181900	2.05649
182000	2.05776
182100	2.05895
182200	2.06023
182300	2.06141
182400	2.06265
182500	2.06392
182600	2.06518
182700	2.06621
182800	2.06732
182900	2.06854
183000	2.06981
183100	2.07103
183200	2.07227
183300	2.07352
183400	2.07475
183500	2.07601
183600	2.07714
183700	2.07867
183800	2.0802
183900	2.08174
184000	2.08272
184100	2.0835
184200	2.08434
184300	2.0857
184400	2.08699
184500	2.08819
184600	2.08944
184700	2.0907
184800	2.09194
184900	2.0932
185000	2.09447
185100	2.09574
185200	2.09699
185300	2.09825
185400	2.09942
185500	2.10069
185600	2.10184
185700	2.10309
185800	2.10435
185900	2.10562
186000	2.10689
186100	2.10801
186200	2.10928
186300	2.11054
186400	2.11179
186500	2.11305
186600	2.11433
186700	2.11559
186800	2.1168
186900	2.11803
187000	2.11937
187100	2.12089
187200	2.12242
187300	2.12394
187400	2.12534
187500	2.12615
187600	2.12692
187700	2.12805
187800	2.12927
187900	2.1304
188000	2.13161
188100	2.13285
188200	2.13411
188300	2.13534
188400	2.13653
188500	2.13779
188600	2.13897
188700	2.14018
188800	2.14142
188900	2.14263
189000	2.14386
189100	2.14513
189200	2.14633
189300	2.14757
189400	2.14887
189500	2.15012
189600	2.15137
189700	2.15266
189800	2.1539
189900	2.15517
190000	2.15639
190100	2.15762
190200	2.15881
190300	2.15997
190400	2.16124
190500	2.16248
190600	2.16355
190700	2.16505
190800	2.16658
190900	2.16811
191000	2.16942
191100	2.17023
191200	2.17101
191300	2.17212
191400	2.17329
191500	2.17409
191600	2.17539
191700	2.17658
191800	2.1778
191900	2.17906
192000	2.18029
192100	2.18153
192200	2.18278
192300	2.184
192400	2.18531
192500	2.18655
192600	2.18783
192700	2.18904
192800	2.19026
192900	2.19153
193000	2.19275
193100	2.19402
193200	2.19524
193300	2.19641
193400	2.19762
193500	2.19889
193600	2.20015
193700	2.20142
193800	2.20268
193900	2.20385
194000	2.20517
194100	2.20638
194200	2.20763
194300	2.2088
194400	2.21032
194500	2.21185
194600	2.21339
194700	2.21433
194800	2.21512
194900	2.21601
195000	2.21697
195100	2.21799
195200	2.21925
195300	2.22043
195400	2.22165
195500	2.22291
195600	2.22419
195700	2.22541
195800	2.22668
195900	2.22795
196000	2.22915
196100	2.23031
196200	2.23154
196300	2.23279
196400	2.23405
196500	2.23532
196600	2.23644
196700	2.23764
196800	2.2389
196900	2.24016
197000	2.24138
197100	2.24255
197200	2.24375
197300	2.245
197400	2.24623
197500	2.24749
197600	2.24874
197700	2.24994
197800	2.25122
197900	2.25265
198000	2.25408
198100	2.25546
198200	2.25624
198300	2.25702
198400	2.25779
198500	2.25857
198600	2.25935
198700	2.26014
198800	2.26095
198900	2.26176
199000	2.26313
199100	2.26427
199200	2.26549
199300	2.26673
199400	2.26788
199500	2.26913
199600	2.27036
199700	2.27162
199800	2.27284
199900	2.27409
200000	2.27534
200100	2.27657
200200	2.27785
200300	2.27907
200400	2.28033
200500	2.28155
200600	2.28278
200700	2.28399
200800	2.28525
200900	2.28649
201000	2.28769
201100	2.28888
201200	2.29011
201300	2.29135
201400	2.29263
201500	2.29387
201600	2.29511
201700	2.29628
201800	2.29781
201900	2.29935
202000	2.3009
202100	2.30191
202200	2.3027
202300	2.30348
202400	2.30425
202500	2.30504
202600	2.3063
202700	2.30756
202800	2.30881
202900	2.31005
203000	2.31128
203100	2.31259
203200	2.31374
203300	2.31496
203400	2.3161
203500	2.31734
203600	2.3186
203700	2.31989
203800	2.321
203900	2.3222
204000	2.32339
204100	2.32466
204200	2.32589
204300	2.32714
204400	2.32836
204500	2.32943
204600	2.33068
204700	2.33193
204800	2.33314
204900	2.33425
205000	2.33544
205100	2.33666
205200	2.33786
205300	2.33915
205400	2.34067
205500	2.3422
205600	2.34342
205700	2.34452
205800	2.34532
205900	2.34611
206000	2.3469
206100	2.34769
206200	2.34904
206300	2.35025
206400	2.35152
206500	2.35275
206600	2.35396
206700	2.35523
206800	2.35653
206900	2.35774
207000	2.35874
207100	2.36001
207200	2.36128
207300	2.36254
207400	2.3638
207500	2.36503
207600	2.36629
207700	2.36746
207800	2.3687
207900	2.37003
208000	2.37127
208100	2.37253
208200	2.37365
208300	2.37482
208400	2.37608
208500	2.37743
208600	2.37859
208700	2.37986
208800	2.38104
208900	2.38256
209000	2.38409
209100	2.38536
209200	2.38613
209300	2.38691
209400	2.38789
209500	2.38881
209600	2.38959
209700	2.39038
209800	2.39118
209900	2.39206
210000	2.39353
210100	2.39476
210200	2.39612
210300	2.39734
210400	2.39852
210500	2.3997
210600	2.40095
210700	2.40217
210800	2.40338
210900	2.40466
211000	2.40595
211100	2.40702
211200	2.40826
211300	2.40949
211400	2.41073
211500	2.412
211600	2.41322
211700	2.41447
211800	2.41579
211900	2.417
212000	2.41828
212100	2.41946
212200	2.4207
212300	2.42193
212400	2.42311
212500	2.42429
212600	2.42557
212700	2.4268
212800	2.42759
212900	2.42839
213000	2.42917
213100	2.42995
213200	2.43072
213300	2.43155
213400	2.43253
213500	2.4341
213600	2.43559
213700	2.43705
213800	2.43818
213900	2.43945
214000	2.44072
214100	2.44199
214200	2.44318
214300	2.4444
214400	2.44568
214500	2.44694
214600	2.4482
214700	2.44943
214800	2.45071
214900	2.45202
215000	2.45324
215100	2.45451
215200	2.45577
215300	2.457
215400	2.45828
215500	2.45958
215600	2.46086
215700	2.46212
215800	2.46339
215900	2.46471
216000	2.46588
216100	2.46722
216200	2.46833
216300	2.46953
216400	2.47093
216500	2.47244
216600	2.47395
216700	2.47519
216800	2.47609
216900	2.4769
217000	2.47826
217100	2.47944
217200	2.48068
217300	2.48194
217400	2.48317
217500	2.48432
217600	2.48555
217700	2.48688
217800	2.48809
217900	2.48919
218000	2.49043
218100	2.49167
218200	2.49288
218300	2.49405
218400	2.49538
218500	2.49664
218600	2.49797
218700	2.49938
218800	2.50057
218900	2.50183
219000	2.50315
219100	2.50436
219200	2.50566
219300	2.50681
219400	2.50804
219500	2.50929
219600	2.51065
219700	2.51144
219800	2.51221
219900	2.51298
220000	2.51375
220100	2.51452
220200	2.5153
220300	2.51628
220400	2.5172
220500	2.51798
220600	2.51888
220700	2.51992
220800	2.52073
220900	2.52172
221000	2.52299
221100	2.52425
221200	2.5257
221300	2.52691
221400	2.52823
221500	2.52957
221600	2.53068
221700	2.53193
221800	2.53315
221900	2.53442
222000	2.53568
222100	2.53686
222200	2.53815
222300	2.53939
222400	2.54065
222500	2.54194
222600	2.54328
222700	2.54455
222800	2.54577
222900	2.54704
223000	2.54828
223100	2.54952
223200	2.55083
223300	2.55208
223400	2.55326
223500	2.55447
223600	2.5553
223700	2.55609
223800	2.55687
223900	2.55764
224000	2.55859
224100	2.56
224200	2.56083
224300	2.56172
224400	2.56274
224500	2.56411
224600	2.56533
224700	2.56656
224800	2.56779
224900	2.56906
225000	2.57032
225100	2.57144
225200	2.57264
225300	2.57393
225400	2.57505
225500	2.57629
225600	2.57753
225700	2.57873
225800	2.57988
225900	2.58114
226000	2.58236
226100	2.58366
226200	2.58497
226300	2.58621
226400	2.58746
226500	2.58869
226600	2.58989
226700	2.59115
226800	2.5924
226900	2.5937
227000	2.59487
227100	2.59617
227200	2.59767
227300	2.5992
227400	2.6007
227500	2.60181
227600	2.60259
227700	2.60337
227800	2.60423
227900	2.60515
228000	2.60608
228100	2.60721
228200	2.6085
228300	2.60968
228400	2.61092
228500	2.6121
228600	2.61322
228700	2.61448
228800	2.61572
228900	2.61705
229000	2.61813
229100	2.61939
229200	2.62055
229300	2.62183
229400	2.6231
229500	2.62434
229600	2.62561
229700	2.62688
229800	2.62793
229900	2.62916
230000	2.63042
230100	2.63159
230200	2.63286
230300	2.63407
230400	2.63531
230500	2.63657
230600	2.63779
230700	2.639
230800	2.64033
230900	2.64185
231000	2.64342
231100	2.64495
231200	2.64622
231300	2.64701
231400	2.64778
231500	2.64857
231600	2.64934
231700	2.65025
231800	2.65151
231900	2.65271
232000	2.65391
232100	2.65489
232200	2.65607
232300	2.65727
232400	2.65854
232500	2.65972
232600	2.66094
232700	2.6621
232800	2.66324
232900	2.66449
233000	2.66576
233100	2.66701
233200	2.66825
233300	2.66954
233400	2.67081
233500	2.67208
233600	2.67334
233700	2.67457
233800	2.67586
233900	2.6771
234000	2.67832
234100	2.67959
234200	2.68081
234300	2.68208
234400	2.68333
234500	2.6848
234600	2.68623
234700	2.68764
234800	2.68859
234900	2.68937
235000	2.69014
235100	2.69091
235200	2.69169
235300	2.69259
235400	2.69343
235500	2.69448
235600	2.69595
235700	2.69725
235800	2.69847
235900	2.6997
236000	2.70094
236100	2.70216
236200	2.70316
236300	2.70438
236400	2.7056
236500	2.70665
236600	2.70784
236700	2.70909
236800	2.71041
236900	2.71165
237000	2.7129
237100	2.71414
237200	2.71539
237300	2.7166
237400	2.71788
237500	2.71917
237600	2.72046
237700	2.72165
237800	2.72282
237900	2.72382
238000	2.72506
238100	2.72641
238200	2.72757
238300	2.72873
238400	2.73025
238500	2.73178
238600	2.7333
238700	2.73428
238800	2.73507
238900	2.73586
239000	2.73665
239100	2.73747
239200	2.73825
239300	2.73949
239400	2.7406
239500	2.74182
239600	2.743
239700	2.74424
239800	2.74548
239900	2.7467
240000	2.74786
240100	2.74907
240200	2.7502
240300	2.7515
240400	2.75271
240500	2.75396
240600	2.75523
240700	2.75652
240800	2.75768
240900	2.75892
241000	2.75996
241100	2.76122
241200	2.76244
241300	2.7637
241400	2.76501
241500	2.7662
241600	2.7675
241700	2.76878
241800	2.77
241900	2.77113
242000	2.77232
242100	2.77385
242200	2.77499
242300	2.77577
242400	2.77654
242500	2.77755
242600	2.77834
242700	2.77913
242800	2.78022
242900	2.78171
243000	2.78269
243100	2.78375
243200	2.78497
243300	2.78625
243400	2.78751
243500	2.78882
243600	2.78995
243700	2.79124
243800	2.79249
243900	2.79352
244000	2.79476
244100	2.79601
244200	2.79717
244300	2.79844
244400	2.79972
244500	2.80099
244600	2.80215
244700	2.80342
244800	2.80461
244900	2.80583
245000	2.80712
245100	2.80844
245200	2.80971
245300	2.81095
245400	2.8122
245500	2.81361
245600	2.81511
245700	2.81666
245800	2.8182
245900	2.81947
246000	2.82027
246100	2.82105
246200	2.82183
246300	2.82262
246400	2.82353
246500	2.82471
246600	2.82606
246700	2.82728
246800	2.82854
246900	2.82971
247000	2.83099
247100	2.83226
247200	2.83352
247300	2.83476
247400	2.83586
247500	2.83707
247600	2.83829
247700	2.83954
247800	2.84079
247900	2.84212
248000	2.84325
248100	2.84445
248200	2.84567
248300	2.84694
248400	2.84821
248500	2.84948
248600	2.85083
248700	2.85214
248800	2.85335
248900	2.85461
249000	2.85577
249100	2.8569
249200	2.85801
249300	2.8595
249400	2.86028
249500	2.86108
249600	2.86185
249700	2.86264
249800	2.86354
249900	2.8644
250000	2.8652
250100	2.86598
250200	2.86677
250300	2.86797
250400	2.86924
250500	2.8703
250600	2.87154
250700	2.87282
250800	2.87406
250900	2.87539
251000	2.87676
251100	2.87834
251200	2.87955
251300	2.88076
251400	2.88217
251500	2.88353
251600	2.8848
251700	2.88603
251800	2.88698
251900	2.88815
252000	2.88942
252100	2.8907
252200	2.89195
252300	2.89324
252400	2.89464
252500	2.896
252600	2.89724
252700	2.89803
252800	2.89887
252900	2.90029
253000	2.90182
253100	2.90334
253200	2.90487
253300	2.90634
253400	2.90715
253500	2.90801
253600	2.90902
253700	2.91039
253800	2.91159
253900	2.91286
254000	2.91409
254100	2.91531
254200	2.91658
254300	2.91785
254400	2.91913
254500	2.92044
254600	2.92156
254700	2.92285
254800	2.92407
254900	2.92535
255000	2.92659
255100	2.92793
255200	2.92919
255300	2.93046
255400	2.93173
255500	2.93298
255600	2.93421
255700	2.93544
255800	2.93669
255900	2.93793
256000	2.93913
256100	2.94035
256200	2.94163
256300	2.943
256400	2.94441
256500	2.94584
256600	2.94687
256700	2.94765
256800	2.94858
256900	2.94937
257000	2.95016
257100	2.95096
257200	2.95174
257300	2.95254
257400	2.95333
257500	2.9546
257600	2.95581
257700	2.95703
257800	2.95824
257900	2.9595
258000	2.96058
258100	2.96181
258200	2.96301
258300	2.96432
258400	2.96554
258500	2.96661
258600	2.96773
258700	2.96898
258800	2.97014
258900	2.9714
259000	2.97263
259100	2.97394
259200	2.97518
259300	2.97645
259400	2.97767
259500	2.97899
259600	2.98034
259700	2.98157
259800	2.9827
259900	2.98398
260000	2.98513
260100	2.98624
260200	2.98707
260300	2.98785
260400	2.98862
260500	2.98974
260600	2.99117
260700	2.99206
260800	2.99284
260900	2.99365
261000	2.99454
261100	2.99584
261200	2.99716
261300	2.99837
261400	2.99954
261500	3.00081
261600	3.00207
261700	3.00333
261800	3.00456
261900	3.00579
262000	3.00702
262100	3.00841
262200	3.00953
262300	3.01077
262400	3.012
262500	3.01324
262600	3.01448
262700	3.01575
262800	3.01702
262900	3.01817
263000	3.01942
263100	3.02064
263200	3.02199
263300	3.02337
263400	3.0245
263500	3.02576
263600	3.027
263700	3.02832
263800	3.02983
263900	3.0314
264000	3.03291
264100	3.03434
264200	3.03512
264300	3.0359
264400	3.03667
264500	3.03746
264600	3.03823
264700	3.03948
264800	3.04066
264900	3.0418
265000	3.04311
265100	3.04438
265200	3.04556
265300	3.04684
265400	3.04806
265500	3.04929
265600	3.05051
265700	3.05176
265800	3.05294
265900	3.05404
266000	3.05528
266100	3.05651
266200	3.05783
266300	3.05911
266400	3.06036
266500	3.06161
266600	3.06287
266700	3.06409
266800	3.06541
266900	3.06665
267000	3.06795
267100	3.06916
267200	3.0704
267300	3.07159
267400	3.07241
267500	3.07377
267600	3.07518
267700	3.07633
267800	3.07713
267900	3.0779
268000	3.07868
268100	3.07946
268200	3.08025
268300	3.08139
268400	3.08227
268500	3.08358
268600	3.08478
268700	3.08605
268800	3.0873
268900	3.08855
269000	3.0898
269100	3.09111
269200	3.09236
269300	3.09356
269400	3.09484
269500	3.09611
269600	3.09733
269700	3.09863
269800	3.09984
269900	3.10102
270000	3.10228
270100	3.10355
270200	3.10473
270300	3.10605
270400	3.10733
270500	3.10858
270600	3.10984
270700	3.1111
270800	3.11235
270900	3.11363
271000	3.11496
271100	3.11645
271200	3.11797
271300	3.11949
271400	3.12104
271500	3.12209
271600	3.12288
271700	3.12366
271800	3.12506
271900	3.12656
272000	3.1278
272100	3.12907
272200	3.13032
272300	3.13161
272400	3.13289
272500	3.13406
272600	3.13524
272700	3.13649
272800	3.13773
272900	3.13899
273000	3.14024
273100	3.14138
273200	3.14259
273300	3.14385
273400	3.14512
273500	3.14639
273600	3.14765
273700	3.14895
273800	3.1502
273900	3.15139
274000	3.15255
274100	3.15382
274200	3.15509
274300	3.15641
274400	3.15759
274500	3.15874
274600	3.15953
274700	3.16031
274800	3.16108
274900	3.16185
275000	3.16262
275100	3.16339
275200	3.16434
275300	3.16512
275400	3.1659
275500	3.1667
275600	3.16748
275700	3.16828
275800	3.16946
275900	3.17063
276000	3.17166
276100	3.17281
276200	3.17406
276300	3.17529
276400	3.17655
276500	3.17782
276600	3.17895
276700	3.1801
276800	3.1814
276900	3.18262
277000	3.18387
277100	3.18515
277200	3.18636
277300	3.18763
277400	3.18888
277500	3.19008
277600	3.19137
277700	3.19263
277800	3.19388
277900	3.19511
278000	3.19642
278100	3.19764
278200	3.19886
278300	3.20013
278400	3.20135
278500	3.20256
278600	3.20338
278700	3.20422
278800	3.20499
278900	3.20577
279000	3.20654
279100	3.20731
279200	3.2081
279300	3.20899
279400	3.20979
279500	3.21069
279600	3.21206
279700	3.2132
279800	3.21443
279900	3.21578
280000	3.21701
280100	3.21824
280200	3.21946
280300	3.2207
280400	3.2218
280500	3.22309
280600	3.22436
280700	3.22559
280800	3.22681
280900	3.22805
281000	3.22927
281100	3.23054
281200	3.23174
281300	3.23301
281400	3.23422
281500	3.23548
281600	3.23675
281700	3.23789
281800	3.23903
281900	3.24026
282000	3.24148
282100	3.24276
282200	3.24395
282300	3.24545
282400	3.24674
282500	3.24751
282600	3.24828
282700	3.24906
282800	3.24995
282900	3.25074
283000	3.25154
283100	3.25234
283200	3.25327
283300	3.25483
283400	3.25602
283500	3.25731
283600	3.25862
283700	3.25987
283800	3.26113
283900	3.26236
284000	3.26364
284100	3.26465
284200	3.26588
284300	3.26714
284400	3.2684
284500	3.26967
284600	3.2709
284700	3.27215
284800	3.27343
284900	3.27467
285000	3.27581
285100	3.27707
285200	3.27831
285300	3.27956
285400	3.28069
285500	3.28191
285600	3.28318
285700	3.28441
285800	3.28567
285900	3.28687
286000	3.28769
286100	3.28846
286200	3.28924
286300	3.29014
286400	3.29127
286500	3.29206
286600	3.29295
286700	3.29375
286800	3.29464
286900	3.29547
287000	3.29629
287100	3.29747
287200	3.29884
287300	3.3
287400	3.30129
287500	3.30252
287600	3.30374
287700	3.30488
287800	3.30606
287900	3.30721
288000	3.30839
288100	3.30959
288200	3.31084
288300	3.31212
288400	3.31335
288500	3.31463
288600	3.31589
288700	3.31734
288800	3.31861
288900	3.31979
289000	3.32102
289100	3.32215
289200	3.32353
289300	3.32467
289400	3.3259
289500	3.32712
289600	3.3283
289700	3.32954
289800	3.33095
289900	3.33237
290000	3.33391
290100	3.33541
290200	3.33629
290300	3.33718
290400	3.33797
290500	3.33879
290600	3.34022
290700	3.34151
290800	3.34251
290900	3.34374
291000	3.34501
291100	3.34631
291200	3.34734
291300	3.34859
291400	3.34985
291500	3.35107
291600	3.35233
291700	3.35358
291800	3.3548
291900	3.35603
292000	3.35725
292100	3.35851
292200	3.35978
292300	3.36093
292400	3.36209
292500	3.36331
292600	3.36442
292700	3.36569
292800	3.36693
292900	3.36817
293000	3.36938
293100	3.37058
293200	3.37186
293300	3.37277
293400	3.37356
293500	3.37498
293600	3.3764
293700	3.3773
293800	3.37819
293900	3.37899
294000	3.37986
294100	3.38063
294200	3.38141
294300	3.38218
294400	3.38297
294500	3.38392
294600	3.38548
294700	3.38661
294800	3.38802
294900	3.38921
295000	3.39044
295100	3.3917
295200	3.39297
295300	3.39414
295400	3.3954
295500	3.3967
295600	3.39795
295700	3.39896
295800	3.40007
295900	3.40129
296000	3.40243
296100	3.40365
296200	3.40485
296300	3.40607
296400	3.40732
296500	3.40857
296600	3.40982
296700	3.4111
296800	3.4123
296900	3.41353
297000	3.41472
297100	3.41596
297200	3.41729
297300	3.41873
297400	3.41999
297500	3.42076
297600	3.42153
297700	3.42242
297800	3.42321
297900	3.424
298000	3.42482
298100	3.42582
298200	3.4274
298300	3.42858
298400	3.42983
298500	3.43118
298600	3.43244
298700	3.43367
298800	3.43483
298900	3.43605
299000	3.43716
299100	3.43845
299200	3.43973
299300	3.44095
299400	3.44222
299500	3.44337
299600	3.44466
299700	3.44596
299800	3.44715
299900	3.44826
300000	3.44943
300100	3.45071
300200	3.45193
300300	3.45317
300400	3.4545
300500	3.45574
300600	3.45702
300700	3.45828
300800	3.45956
300900	3.46034
301000	3.46113
301100	3.46267
301200	3.4642
301300	3.46537
301400	3.46616
301500	3.46695
301600	3.46774
301700	3.46854
301800	3.46962
301900	3.47101
302000	3.47201
302100	3.47351
302200	3.475
302300	3.47606
302400	3.47682
302500	3.47759
302600	3.47836
302700	3.47913
302800	3.48008
302900	3.48157
303000	3.483
303100	3.48442
303200	3.48585
303300	3.48731
303400	3.4888
303500	3.48997
303600	3.49073
303700	3.49161
303800	3.49283
303900	3.49423
304000	3.4957
304100	3.49714
304200	3.49793
304300	3.4987
304400	3.49947
304500	3.50082
304600	3.50233
304700	3.50351
304800	3.5045
304900	3.50594
305000	3.50738
305100	3.50881
305200	3.51025
305300	3.51174
305400	3.51324
305500	3.51473
305600	3.51621
305700	3.5177
305800	3.51919
305900	3.51997
306000	3.52075
306100	3.52153
306200	3.52231
306300	3.52309
306400	3.52386
306500	3.52466
306600	3.52543
306700	3.52664
306800	3.52812
306900	3.52934
307000	3.53011
307100	3.53098
307200	3.53179
307300	3.53259
307400	3.53409
307500	3.53558
307600	3.53706
307700	3.53854
307800	3.54001
307900	3.54113
308000	3.5419
308100	3.54267
308200	3.54344
308300	3.54422
308400	3.54499
308500	3.54576
308600	3.54653
308700	3.54731
308800	3.54807
308900	3.54921
309000	3.55063
309100	3.55204
309200	3.55346
309300	3.55488
309400	3.5563
309500	3.55736
309600	3.55814
309700	3.55891
309800	3.55972
309900	3.56062
310000	3.5614
310100	3.56217
310200	3.56295
310300	3.56374
310400	3.56464
310500	3.56542
310600	3.56624
310700	3.56767
310800	3.56909
310900	3.57052
311000	3.57193
311100	3.5729
311200	3.57368
311300	3.57447
311400	3.57525
311500	3.57604
311600	3.57736
311700	3.57878
311800	3.58023
311900	3.58172
312000	3.58264
312100	3.5834
312200	3.58417
312300	3.58493
312400	3.58571
312500	3.58648
312600	3.58724
312700	3.58809
312800	3.58892
312900	3.58971
313000	3.59049
313100	3.59127
313200	3.59206
313300	3.59284
313400	3.59363
313500	3.5944
313600	3.59521
313700	3.59615
313800	3.59764
313900	3.59896
314000	3.6
314100	3.60104
314200	3.60208
314300	3.603
314400	3.60395
314500	3.60485
314600	3.60575
314700	3.60677
314800	3.60767
314900	3.60861
315000	3.60952
315100	3.61043
315200	3.61134
315300	3.61231
315400	3.61357
315500	3.61438
315600	3.61516
315700	3.61592
315800	3.61669
315900	3.61746
316000	3.61825
316100	3.61902
316200	3.62006
316300	3.62102
316400	3.62192
316500	3.62284
316600	3.62378
316700	3.62468
316800	3.62558
316900	3.62648
317000	3.62738
317100	3.62828
317200	3.62918
317300	3.63001
317400	3.63081
317500	3.63162
317600	3.63242
317700	3.63324
317800	3.63404
317900	3.63522
318000	3.63675
318100	3.63817
318200	3.63959
318300	3.64072
318400	3.64162
318500	3.64253
318600	3.64342
318700	3.64431
318800	3.64521
318900	3.64627
319000	3.64779
319100	3.64926
319200	3.65073
319300	3.65214
319400	3.65356
319500	3.65499
319600	3.65645
319700	3.65776
319800	3.6591
319900	3.66051
320000	3.66196
320100	3.66349
320200	3.66502
320300	3.66653
320400	3.66794
320500	3.66936
320600	3.67069
320700	3.67212
320800	3.67354
320900	3.67497
321000	3.67608
321100	3.67686
321200	3.67763
321300	3.67841
321400	3.6793
321500	3.68008
321600	3.68089
321700	3.68168
321800	3.68246
321900	3.68324
322000	3.68401
322100	3.68479
322200	3.68556
322300	3.68634
322400	3.68745
322500	3.6887
322600	3.68951
322700	3.69027
322800	3.69141
322900	3.69284
323000	3.69426
323100	3.69543
323200	3.69624
323300	3.69704
323400	3.69785
323500	3.69868
323600	3.69947
323700	3.70025
323800	3.70103
323900	3.70198
324000	3.70335
324100	3.70479
324200	3.70602
324300	3.70703
324400	3.7081
324500	3.70928
324600	3.71055
324700	3.71175
324800	3.71282
324900	3.71396
325000	3.71521
325100	3.71637
325200	3.71756
325300	3.71881
325400	3.72003
325500	3.72119
325600	3.72241
325700	3.72365
325800	3.7249
325900	3.72616
326000	3.72739
326100	3.72866
326200	3.72993
326300	3.73111
326400	3.73225
326500	3.73351
326600	3.73474
326700	3.73602
326800	3.73704
326900	3.73782
327000	3.73859
327100	3.73939
327200	3.74019
327300	3.74096
327400	3.74173
327500	3.74251
327600	3.74361
327700	3.74485
327800	3.74563
327900	3.74641
328000	3.74718
328100	3.74795
328200	3.74872
328300	3.7495
328400	3.75027
328500	3.75104
328600	3.75182
328700	3.75259
328800	3.75377
328900	3.75499
329000	3.75605
329100	3.75733
329200	3.75869
329300	3.75991
329400	3.76109
329500	3.76232
329600	3.76351
329700	3.76478
329800	3.76606
329900	3.76728
330000	3.76855
330100	3.76979
330200	3.77103
330300	3.7723
330400	3.77341
330500	3.77467
330600	3.77594
330700	3.77713
330800	3.77839
330900	3.77965
331000	3.78084
331100	3.78195
331200	3.78321
331300	3.78447
331400	3.78569